width,height,top,left
7,7,0,0
3,3,7,0
4,2,7,3
2,3,0,7
2,3,3,7
2,2,6,7
1,4,0,9
3,1,8,7
1,1,4,9
1,1,5,9